1499205535
1201642309
1445379072
656951157
948857526
1491530147
640364616
1406710800
1041260001
500098096
1311353234
1012298403
479662730
578448682
1148321705
1061802598
344186162
763692274
982175678
1250484428
1511788295
1199831446
1085123968
911006986
1287138671
544695089
545042359
1466096721
1298609025
1439187947
525818839
1147297267
596677177
1438091392
1478870957
1357536697
1293250289
1180101534
479431697
1389752090
611436052
1288508230
1264531625
1464645812
1269648762
479516143
1386738991
1107741196
1467063160
833951143
935216956
814977594
1376284772
1021566244
881270303
512142109
469343097
1187029452
407949800
727420266
1235863443
480375355
1162580001
1113736426
1280480538
1029588869
1489491274